num	sa	year	doc	SDG_1	SDG_2	SDG_3	SDG_4	SDG_5	SDG_6	SDG_7	SDG_8	SDG_9	SDG_10	SDG_11	SDG_12	SDG_13	SDG_14	SDG_15	SDG_16	SDG_17	Filter							doc	StatApp	year
6	sa	2017	Afghanistan_2017-sa	0.065123061	0.083507222	0.067607636	3.20E-05	0.065152191	3.26E-05	0.003021587	1.11E-06	0.028133988	0.011627844	0.012470072	0.012151657	0.033722876	2.11E-05	0.011360759	0.030136918	0.116560655	0.459336719							Jordan_2017	sa	2017
55	sa	2018	Albania_2018-sa	0.016635847	0.016427422	0.010952096	0.025402741	0.049093625	0.049774816	0.030049371	0.049780859	0.014159384	0.030353183	0.045503648	0.024307227	0.0351557	1.33E-05	0.012137593	0.060252365	0.092043755	0.437957049							Japan_2017		2017
60	sa	2018	Armenia_2018-sa	0.019154094	0.016877351	0.03498647	0.032317665	0.049416448	0.047415861	0.054464278	0.034943674	0.009255809	0.010196765	0.032274399	0.063231023	0.036920204	2.14E-04	0.03760349	0.030187245	0.056618847	0.433922056							Albania_2018		2018
121	sa	2018	Australia_2018-sa	0.006597956	0.018475749	0.015950629	0.031358989	0.043529526	0.028426183	0.02821927	0.03508325	0.020459602	0.009457135	0.040675452	0.027287472	0.065285724	0.035247236	0.026143409	0.02634423	0.074072377	0.467385811							Hungary_2018	sa	2018
38	sa	2017	Azerbaijan_2017-sa	0.018128879	0.026664818	0.064524099	0.009186523	0.044889814	0.004283715	0.011851299	0.032063636	0.029357067	0.018434643	0.011201818	0.014438097	0.053609078	0.028582872	0.016481697	0.02824111	0.107264919	0.480795918							Ethiopia_2017		2017
58	sa	2018	Bahamas_2018-sa	0.024190558	0.010768936	0.018624737	0.037992096	0.017010417	0.01404451	0.015979896	0.033960547	0.022702755	0.02123616	0.036505002	0.026426214	0.060206027	0.03251367	0.040449459	0.027457534	0.084467979	0.475463503							MEXICO_2018		2018
61	sa	2018	Bahrain_2018-sa	0.001256578	0.010312964	0.027080251	0.031548089	0.036531841	0.029970813	0.018396059	0.040175326	0.014307469	0.008842833	0.051670805	0.028808173	0.059531593	0.023486946	0.034057686	0.039966975	0.078685717	0.465369883							Afghanistan_2017	sa	2017
70	sa	2017	Bangladesh_2017-sa	0.048865243	0.068176146	0.069995843	0.006041766	0.060098306	0.00531921	1.35E-06	0.017159445	0.043779361	0.004058807	0.013917013	9.10E-04	0.030563427	0.081276395	4.29E-07	4.30E-07	0.168461077	0.381375685							Kiribati_2018	sa	2018
87	sa	2017	Belgium_2017-sa	0.016919953	0.025332037	0.022011568	0.039260926	0.041176647	0.028674073	0.029262817	0.036843925	0.025388845	0.013216192	0.03587273	0.042085594	0.067252703	0.031395131	0.036296218	0.027439143	0.084114095	0.397457401							Czech_Republic_2017	sa	2017
108	sa	2017	Belize_2017-sa	0.053647672	8.76E-07	0.134784998	0.016653814	0.134356731	0.017572877	1.93E-04	0.001663748	0.005287731	0.005256119	0.014880056	0.0208159	0.048170173	0.06621324	0.010622078	0.006031694	0.049133837	0.414715754							Kiribati_2018_with_statistical_annex		nnex
90	sa	2018	Bhutan_2018-sa	0.020787524	0.02331971	0.030179701	0.049117163	0.033087193	0.04485534	0.01931328	0.017193544	0.021272202	0.00523475	0.039309382	0.029446295	0.064167231	0.003991884	0.050757893	0.017591472	0.072802451	0.457572984							Netherlands_2017		2017
103	sa	2017	Brazil_2017-sa	0.030298496	0.025523471	0.027120541	0.014963893	0.036825635	0.007725707	0.00774181	0.012867832	0.023169522	0.013205605	0.042291304	0.018880826	0.059319043	0.036535424	0.015720735	0.016800973	0.165293049	0.445716136							Latvia_2018		2018
32	sa	2018	Cabo_Verde_2018-sa	0.033591407	0.016209549	0.014732122	0.045013681	0.022560085	0.037851435	0.016676312	0.029010826	0.010864179	0.015330876	0.03777741	0.029709431	0.054526587	0.022486862	0.028291545	0.017880392	0.088308782	0.47917852							Switzerland_2018	sa	2018
116	sa	2018	Canada_2018-sa	0.011222973	0.026538344	0.011732525	0.061160812	0.073367012	0.01026713	0.024894844	0.036862093	0.017683974	0.019021233	0.025104813	0.017591258	0.077789276	0.026007011	0.041173194	0.025707467	0.055287409	0.438588631							Czech_Republic_2017		2017
120	sa	2017	Cyprus_2017-sa	0.00677827	0.009794715	0.009547728	0.058327923	0.030719057	0.018217135	0.040452333	0.053133906	0.022668378	0.006492841	0.031621821	0.040136247	0.05971337	0.029160862	0.073136607	0.041020463	0.057158918	0.411919426							Sweden_2017	sa	2017
8	sa	2017	Czech_Republic_2017-sa	0.011391079	1.12E-06	0.002177919	0.010351929	0.033022332	0.022878483	0.023102123	0.016594136	4.18E-05	0.008459814	0.050976598	0.030887339	0.063341662	1.12E-06	0.058296572	0.039203646	0.133387293	0.495885039							Slovakia_2018		2018
73	sa	2017	Denmark_2017-sa	0.004404169	0.014425062	0.012870325	0.033703437	0.049449907	0.031217156	0.026130956	0.050171537	0.030254608	0.016243189	0.030495019	0.055302407	0.03441011	0.010435746	0.009804667	0.02818858	0.120040524	0.442452602							Maldives_2017		2017
18	sa	2018	Egypt_2018-sa	0.023524188	0.010054461	0.018140042	0.032435425	0.023585308	0.033242483	0.046888519	0.045934803	0.012348	0.014149351	0.048405827	0.027596387	0.041767335	0.032769949	0.021595477	0.01413885	0.079750898	0.473672698							Bhutan_2018		2018
82	sa	2017	Ethiopia_2017-sa	0.021311384	0.045286409	0.039961442	0.022755665	0.038707487	0.02987002	0.008121248	0.033015228	0.043697566	4.24E-04	0.023976773	0.025334074	0.058357383	0.011777029	0.015034552	0.011066442	0.112568646	0.458735032							Egypt_2018	sa	2018
44	sa	2018	Greece_2018-sa	0.007570778	0.003851854	0.003534372	0.03962681	0.024780913	0.010496596	0.019745227	0.055162773	0.024835824	0.016642281	0.03301369	0.042344693	0.069820438	0.039136303	0.029079686	0.034947354	0.095722424	0.449687985							Ireland_2018	sa	2018
3	sa	2018	Hungary_2018-sa	0.005723464	0.013594326	0.008422278	0.040130051	0.017997417	0.040109871	0.022291421	0.050406187	0.012770033	0.011629782	0.023623208	0.049416673	0.073404391	0.021404491	0.05454789	0.032587383	0.076295457	0.445645676							Denmark_2017		2017
101	sa	2017	India_2017-sa	0.025842596	0.043403662	0.028078396	0.014030879	0.0424822	0.025653723	0.021196844	0.019032992	0.031010968	0.008425863	0.009855012	1.04E-06	0.066574042	0.036915835	0.026873805	9.98E-04	0.141529692	0.458094734							Canada_2018		2018
34	sa	2017	Indonesia_2017-sa	0.03173249	0.046517967	0.067814415	0.013549593	0.080039221	0.013227632	0.009083513	0.005221051	0.035582116	0.009819575	0.014907606	0.022505143	0.030805569	0.043168143	0.004265299	0.01407303	0.10754576	0.450141877							Qatar_2018		2018
19	sa	2018	Ireland_2018-sa	0.014042685	0.021739467	0.017967846	0.035185301	0.044985021	0.022108716	0.025874356	0.040884474	0.013593378	0.011484626	0.030672497	0.036974188	0.071028281	0.031115153	0.036648345	0.028121082	0.074393937	0.443180647							Zimbabwe_2017		2017
122	sa	2017	Italy_2017-sa	0.016757134	0.068760528	0.015855103	0.045434238	0.05115182	0.034365493	0.007505825	0.071360786	0.034045535	0.015950378	0.056518966	0.057467986	0.026334709	0.039364833	0.0644381	0.018143471	0.028718264	0.347826831							Bahamas_2018		2018
30	sa	2018	Jamaica_2018-sa	0.017540991	0.015790536	0.025428396	0.054370024	0.017703633	0.018824191	0.030850746	0.030211127	0.020823232	0.009512895	0.041987482	0.028369876	0.07349169	0.020155091	0.028009368	0.024130298	0.11308936	0.429711064							Singapore_2018		2018
47	sa	2017	Japan_2017-sa	0.008077994	0.012291443	0.015985967	0.017261663	0.028231805	0.026846539	0.008066403	0.020733655	0.012047399	0.012957041	0.036595781	0.045680789	0.095621938	0.023927797	0.032003359	0.020178429	0.123574479	0.45991752							Sri_Lanka_2018	sa	2018
0	sa	2017	Jordan_2017-sa	0.02009962	0.013504074	0.019940158	0.037701414	0.033637522	0.028140304	0.023408015	0.062676562	0.011630627	0.007141693	0.019367711	0.021557452	0.07266503	6.73E-07	1.95E-04	0.037603388	0.110083807	0.480646635							Switzerland_2018		2018
83	sa	2017	Kenya_2017-sa	0.027270404	0.025561735	0.047887662	0.055895906	0.050838462	0.025009859	0.014229231	0.032074438	0.023423496	0.004976141	0.059090594	0.010813587	0.0540346	0.010537163	0.018293353	0.029984553	0.100822808	0.409256008							Nigeria_2017		2017
9	sa	2018	Kiribati_2018_with_statistical_annex	0.015227366	0.0281063	0.059652977	0.084598116	0.044932335	0.034105852	0.011502486	0.039747935	0.011477819	0.004293521	0.030607076	0.019158433	0.044181236	0.036909613	0.02717152	0.034678669	0.070229211	0.403419537							Poland_2018		2018
7	sa	2018	Kiribati_2018-sa	0.016007955	0.02832313	0.059672251	0.085773818	0.043130234	0.033315626	0.010639983	0.039839486	0.011593462	0.004813913	0.030978097	0.020367864	0.043925858	0.03641813	0.026463207	0.036085657	0.071433824	0.401217504							Jamaica_2018	sa	2018
119	sa	2018	Lao_2018-sa	0.020762321	0.025634667	0.035224147	0.04920929	0.042571847	0.028683574	0.017671737	0.046384602	0.0105027	0.007465718	0.027206266	0.019815495	0.062557935	0.018073994	0.03978969	0.023256028	0.089857911	0.435332079							Portugal_2017	sa	2017
89	sa	2018	Latvia_2018-sa	0.011972835	0.011116619	0.028492541	0.039902948	0.036776322	0.009188346	0.024668985	0.038137997	0.02654938	0.015898331	0.041763239	0.048535595	0.047072494	0.025530108	0.026419407	0.024285089	0.07876493	0.464924834							Cabo_Verde_2018	sa	2018
48	sa	2018	Lebanon_2018-sa	0.014955631	0.012859602	0.016078646	0.042515665	0.030191204	0.024221245	0.01930539	0.056001709	0.021338095	0.01343301	0.045213966	0.024564358	0.058892097	0.022698937	0.031980175	0.044793484	0.089066672	0.431890115							Kiribati_2018		2018
67	sa	2018	Lithuania_2018-sa	0.011942254	0.005357126	0.054584323	0.074633004	0.023942653	0.029366678	0.023798267	0.053223945	0.03442044	0.017576189	0.035895674	0.045672121	0.032051119	0.018531448	0.050460585	0.041851025	0.062056891	0.384636258							Indonesia_2017	sa	2017
112	sa	2017	Malaysia_2017-sa	0.013707725	0.026119646	0.018671967	0.028677639	0.019949909	0.008567807	2.16E-06	0.031880376	0.036621848	0.011297418	0.020967853	0.02978176	0.044903448	0.054013801	0.079859652	2.99E-04	0.123556771	0.451121597							Slovenia_2017		2017
71	sa	2017	Maldives_2017-sa	0.010622119	0.018666253	0.018212592	0.051390745	0.036323017	0.036859251	0.018174294	0.012913525	0.012141352	0.016194754	0.029956299	0.023569808	0.057284153	0.058626304	0.016313334	0.02493411	0.090262168	0.467555921							Sudan_2018	sa	2018
80	sa	2018	Malta_2018-sa	0.003671071	0.007044396	0.02623806	0.048356311	0.031872904	0.02953912	0.044311438	0.05340114	0.019844393	0.015074602	0.035945021	0.044666194	0.062324023	0.059955084	0.024862423	0.01757689	0.052307285	0.423009644							Azerbaijan_2017		2017
100	sa	2018	MEXICO_2018-sa	0.018588072	0.019783575	0.016766146	0.058880062	0.053219923	0.020964407	0.021990313	0.0597264	0.025186737	6.07E-04	0.045884615	0.013439986	0.046791869	0.025674049	0.044491078	0.032162975	0.102617834	0.393224461							Azerbaijan_2017	sa	2017
107	sa	2018	Namibia_2018-sa	0.043395358	0.05505259	0.033699136	0.077374048	0.038961842	0.0318013	2.90E-06	0.027685877	0.019523022	9.66E-07	0.024720034	0.014276041	0.022973041	0.021088792	0.034531058	0.026635602	0.064963555	0.463314836							Tajikistan_2017	sa	2017
50	sa	2017	Nepal_2017-sa	0.021211686	0.033372548	0.055085254	0.059950544	0.036490228	0.01093531	3.10E-04	0.021895185	0.030758166	0.011618718	0.012163923	0.021754638	0.031556743	7.73E-07	0.004404672	0.017588412	0.14621025	0.484692941							Togo_2017		2017
65	sa	2017	Netherlands_2017-sa	9.73E-04	0.016390796	0.003648193	0.019942447	0.027715713	0.026298715	0.035394893	0.039638367	0.009875234	0.014076788	0.031565332	0.031639978	0.073176624	0.029400589	0.024953798	0.027321156	0.108227139	0.479761498							Romania_2018		2018
99	sa	2017	Nigeria_2017-sa	0.028924455	0.032907715	0.042182012	0.054574104	0.070708813	0.014162578	0.003966791	0.039998068	0.020323845	0.001478994	0.010765302	0.014353623	0.035154251	0.00674391	0.015659029	0.028205778	0.143607398	0.436283334							Lao_2018		2018
49	sa	2018	Palestine_2018-sa	0.017538464	0.032791591	0.021679757	0.039408673	0.024876216	0.039439891	0.023155729	0.039908148	0.010129028	0.009990723	0.059580904	0.019343138	0.042867324	0.021940612	0.034259392	0.045025839	0.052895103	0.465169466							Hungary_2018		2018
45	sa	2018	Poland_2018-sa	0.007900011	0.019717084	0.010571746	0.031601606	0.015150828	0.014564344	0.026263714	0.037975853	0.028928776	0.012405815	0.034649792	0.036042104	0.062048115	0.022660075	0.040667747	0.018417153	0.094426821	0.486008415							Greece_2018	sa	2018
31	sa	2017	Portugal_2017-sa	0.013602352	0.010160794	0.006005867	0.037443991	0.04331633	0.021226779	0.022627223	0.050318891	0.026505153	0.021652577	0.027876788	0.032055089	0.077066167	0.031184851	0.030205111	0.02677026	0.086234684	0.435747094							Poland_2018	sa	2018
52	sa	2017	Qatar_2017-sa	0.01939505	0.033746521	0.014262343	0.041273854	0.030709614	0.038049497	0.039596219	0.043386387	0.036557068	0.009319297	0.024805569	0.013110658	0.036446159	0.013978348	0.017618859	0.016977528	0.105330694	0.465436334							Sri_Lanka_2018		2018
113	sa	2018	Qatar_2018-sa	0.007043555	4.19E-04	1.94E-06	0.005647702	9.61E-07	0.041736149	0.049647118	0.023037853	0.007092972	7.07E-05	0.131211892	0.064299544	0.057662679	0.023594536	0.056754482	0.005855795	0.098034522	0.427888426							Japan_2017	sa	2017
54	sa	2018	Romania_2018-sa	0.00623973	3.57E-07	0.056700929	0.040123557	0.007878973	0.034034176	0.047589264	0.030585231	0.007853141	0.007401108	0.039290115	0.047097695	0.053853417	0.016945842	0.074001236	0.019096317	0.060181367	0.451127544							Lebanon_2018	sa	2018
59	sa	2018	Saudi_Arabia_2018-sa	0.0034348	0.020579438	0.004952787	0.041828856	0.025118458	0.033516039	0.036670456	0.045826292	0.023957183	0.007554193	0.063367945	0.034341659	0.042761572	0.019032932	0.027887652	0.019820143	0.089401716	0.45994788							Palestine_2018	sa	2018
88	sa	2018	Singapore_2018-sa	0.008221429	0.018248766	0.020902807	0.042296668	0.021864627	0.039156907	0.035001831	0.028293106	0.045832928	0.015373006	0.061771267	0.062918405	0.062268819	0.050786237	0.060439108	0.010763297	0.041059357	0.374801434							Nepal_2017	sa	2017
102	sa	2018	Slovakia_2018-sa	0.020549625	5.33E-05	0.01463266	0.055590899	0.006719715	0.007630712	0.03012007	0.049105938	0.002154393	0.028093788	0.055537515	0.025006934	0.065890421	1.43E-06	0.032996248	0.045213671	0.077949091	0.482753572							Jordan_2017		2017
97	sa	2017	Slovenia_2017-sa	0.007703798	0.020951063	0.021149028	0.069696022	0.039952558	0.022471871	0.020359629	0.065729105	0.012021302	0.017696876	0.036354896	0.039239894	0.049699048	0.019929293	0.026274572	0.026085675	0.063916941	0.44076843							Qatar_2017	sa	2017
26	sa	2018	Sri_Lanka_2018-sa	0.018588041	0.018264997	0.013902585	0.035168068	0.012529026	0.034394206	0.024368967	0.017790594	0.022418629	0.016761792	0.040457265	0.041457528	0.057874948	0.033229379	0.04725001	0.02566242	0.097455287	0.442426258							Sudan_2018		2018
36	sa	2018	Sudan_2018-sa	0.018674579	0.044580549	0.004119281	0.026013114	0.021821408	0.015556862	0.025617577	0.01881938	0.014742408	0.011062193	0.025241013	0.019882241	0.04658352	6.31E-05	0.02834785	0.065932229	0.117403539	0.495539127							Romania_2018	sa	2018
14	sa	2017	Sweden_2017-sa	1.62E-04	0.010698812	0.010190747	0.015839475	0.060534256	0.001227084	0.008018068	0.042070087	0.019983318	0.015630137	0.023667867	0.044110499	0.080720015	0.022567379	0.01835348	0.029414094	0.121381559	0.475431398							Albania_2018	sa	2018
12	sa	2018	Switzerland_2018-sa	0.013563709	0.029251674	0.02939522	0.023801195	0.044042777	0.022688598	0.04911819	0.048286994	0.007136119	0.015313963	0.044019073	0.052315367	0.051749327	0.042027967	0.055396849	0.027568712	0.026241303	0.418082964							Malta_2018		2018
39	sa	2017	Tajikistan_2017-sa	0.00888261	0.044243677	0.026249765	0.027212127	0.047395249	0.048071763	0.032674722	0.011670648	0.0091433	0.015205942	0.021653372	0.021100042	0.038352396	1.33E-06	0.022735976	6.27E-04	0.102439564	0.52234068							Brazil_2017		2017
62	sa	2017	Thailand_2017-sa	0.007612436	0.015640778	0.020593721	0.035218568	0.017516675	0.033492397	0.021968163	0.025277474	0.018209682	0.022349817	0.033933769	0.037165809	0.057920888	0.051748825	0.044585762	0.020987685	0.093144036	0.442633515							Bahamas_2018	sa	2018
105	sa	2017	Togo_2017-sa	0.033565256	0.044167109	0.036702396	0.017410484	0.043013322	0.021314045	2.96E-06	0.021363805	0.037651619	0.007313938	0.019021403	0.015865464	0.067210889	0.057605298	0.002053993	0.020124288	0.097716257	0.457897476							Saudi_Arabia_2018	sa	2018
72	sa	2018	Viet_Nam_2018-sa	0.021865575	0.01032277	0.027277695	0.033877601	0.035509458	0.023355592	0.026774884	0.036916228	0.020116159	0.027077355	0.039431975	0.035522361	0.046245543	0.024683828	0.039038433	0.027264431	0.056489764	0.468230348							Armenia_2018	sa	2018
95	sa	2017	Zimbabwe_2017-sa	0.019899321	0.050022146	0.035190607	0.029205478	0.090848114	0.024851151	0.01736036	0.044423386	0.019076032	3.81E-05	0.010067193	0.019051146	0.051305283	2.56E-05	0.029229643	0.01806814	0.106787789	0.434550583							Bahrain_2018	sa	2018
94		2017	Afghanistan_2017	0.064342433	0.083846179	0.066755108	5.25E-05	0.064772148	3.51E-04	3.41E-04	0.006400206	0.028185345	0.010816402	0.012685771	0.012233829	0.033537991	5.68E-07	0.010395245	0.029325476	0.119087425	0.456871578							Thailand_2017	sa	2017
2		2018	Albania_2018	0.016428483	0.017017111	0.011269621	0.023925277	0.047376398	0.049625773	0.029621684	0.051640649	0.013731697	0.030502225	0.045976695	0.025868932	0.035473225	4.86E-04	0.012169993	0.061049418	0.090838456	0.436997993							Italy_2017		2017
77		2018	Armenia_2018	0.018486888	0.01862235	0.03317304	0.032924993	0.050537011	0.046928288	0.052881803	0.034712719	0.009503873	0.010094118	0.032608002	0.062144676	0.038151968	6.04E-05	0.037175794	0.030486632	0.054993603	0.436513892							Kenya_2017		2017
69		2018	Australia_2018	0.006324111	0.017556846	0.015171692	0.030093216	0.043231339	0.027276034	0.026868301	0.034158262	0.022175698	0.01047949	0.041192715	0.028431536	0.067044418	0.036080942	0.026776295	0.026685015	0.072849202	0.467604887							Netherlands_2017	sa	2017
37		2017	Azerbaijan_2017	0.019516852	0.025604658	0.061866723	0.009444588	0.04445738	0.00468825	0.012653394	0.033298165	0.03006849	0.01731171	0.010727535	0.013859194	0.053518406	0.029231523	0.01625153	0.028889761	0.108813311	0.47979853							Lithuania_2018		2018
24		2018	Bahamas_2018	0.023307122	0.011257797	0.019812671	0.035649243	0.017511906	0.014090982	0.016844219	0.032838452	0.022407364	0.017770717	0.037654455	0.025886663	0.065022443	0.033298145	0.04073119	0.026986525	0.08526477	0.473665336							Lithuania_2018	sa	2018
96		2018	Bahrain_2018	0.002748243	0.010628509	0.027668311	0.031074772	0.037686447	0.030487159	0.019077348	0.040935501	0.015038958	0.007494597	0.050501856	0.028521314	0.058721217	0.022260626	0.033512655	0.03999566	0.079438721	0.464208105							Malaysia_2017		2017
117		2017	Bangladesh_2017	0.021629822	0.044223072	0.03221597	0.012835629	0.036346971	0.011299948	8.42E-04	0.029543222	0.027605792	0.01688917	0.024145474	0.014926564	0.063940692	0.068548597	0.004351935	7.15E-07	0.144559405	0.446095517							Australia_2018		2018
84		2017	Belgium_2017	0.014225183	0.017534363	0.020990789	0.031542916	0.041156133	0.027300904	0.028423327	0.035316026	0.025448448	0.012055398	0.027496725	0.038150302	0.083200477	0.023609439	0.034852767	0.034783012	0.086782615	0.417131176							Bangladesh_2017	sa	2017
106		2017	Belize_2017	0.054660723	7.76E-04	0.135212379	0.016606327	0.133596943	0.017493732	2.76E-06	1.71E-06	0.00427468	5.87E-04	0.014880056	0.019391297	0.048724185	0.068524262	0.0116193	0.007013087	0.053423474	0.413212006							Maldives_2017	sa	2017
17		2018	Bhutan_2018	0.017799917	0.023144437	0.030832991	0.049188866	0.033867954	0.044536662	0.018484717	0.017472388	0.02057111	0.005370188	0.038154174	0.028880641	0.066405945	0.004063586	0.051944969	0.017495868	0.073495576	0.45829001							Viet_Nam_2018	sa	2018
57		2017	Brazil_2017	0.030169513	0.025668578	0.029684085	0.015947391	0.036551545	5.12E-05	0.007903039	0.013399888	0.024201388	0.012270476	0.04398421	0.019251653	0.058190438	0.037389939	0.016784848	0.018542248	0.168001699	0.442007865							Denmark_2017	sa	2017
118		2018	Cabo_Verde_2018	0.033644661	0.015517247	0.015570873	0.045160129	0.023199133	0.039116217	0.016856045	0.030501937	0.010298355	0.015131173	0.036605822	0.029942418	0.0547862	0.022833013	0.028085186	0.016935134	0.090106104	0.475710354							Greece_2018		2018
21		2018	Canada_2018	0.010916297	0.027511861	0.011896561	0.061235698	0.072354269	0.011204987	0.024937636	0.037368464	0.017887236	0.020019712	0.024320294	0.01738443	0.076220238	0.025875069	0.040937838	0.026039105	0.055009261	0.438881043							Kiribati_2018_without_tables		bles
78		2017	Cyprus_2017	0.005221794	0.008528476	0.008613992	0.058721585	0.03052341	0.018786579	0.038901653	0.053861444	0.020095793	0.005417238	0.031669662	0.039071174	0.063889951	0.028289858	0.072240427	0.04241823	0.057083703	0.41666503							Jamaica_2018		2018
13		2017	Czech_Republic_2017	0.011899411	1.12E-06	0.00274725	0.009680932	0.031151672	0.022878483	0.024484784	0.014947142	0.001668447	0.007280485	0.049695603	0.030928005	0.063321329	8.35E-04	0.055632915	0.039894976	0.139100939	0.493851714							Armenia_2018		2018
20		2017	Denmark_2017	0.005307867	0.004325739	0.00386914	0.030629386	0.036247228	0.003726249	0.010154957	0.035476996	0.012008845	0.017888814	0.015915734	0.043904204	0.074664347	1.38E-05	0.006429446	0.034365653	0.163502002	0.501569604							Cyprus_2017		2017
110		2018	Egypt_2018	0.023972275	0.008989304	0.014948969	0.032024157	0.019125245	0.032470387	0.044711473	0.045880269	0.009334592	0.018490388	0.0517162	0.027055785	0.046059232	0.033048245	0.02125268	0.016039911	0.08386162	0.471019269							Saudi_Arabia_2018		2018
4		2017	Ethiopia_2017	0.021983525	0.042841762	0.035455514	0.015071917	0.037716106	0.028247843	0.009547269	0.033151919	0.042926763	4.93E-07	0.02790681	0.024770215	0.062809884	0.011569319	0.016482466	0.01126331	0.109050258	0.469204627							Malta_2018	sa	2018
74		2018	Greece_2018	0.007205952	0.003778482	0.002544403	0.038540301	0.021502367	0.010335483	0.016779006	0.05410935	0.026268067	0.016586051	0.033736701	0.043648855	0.071938119	0.039766003	0.025711581	0.034828755	0.098941856	0.453778668							Portugal_2017		2017
43		2018	Hungary_2018	0.004734314	0.012907416	0.009596894	0.040377338	0.016967052	0.039155067	0.021604511	0.050481747	0.01279064	0.011245112	0.02459862	0.051285068	0.072731219	0.021061036	0.054231912	0.032862147	0.080815323	0.442554582							Ethiopia_2017	sa	2017
92		2017	India_2017	0.020896804	0.040752115	0.02798437	0.013767605	0.042463394	0.026123855	0.021629366	0.020048478	0.030559641	0.00887719	0.007429129	0.001336212	0.067739971	0.036953446	0.028284202	0.001994402	0.140269738	0.462890084							Kenya_2017	sa	2017
111		2017	Indonesia_2017	0.031771598	0.045891429	0.068740591	0.013277372	0.081395633	0.012222635	0.007931876	0.006020581	0.035879675	0.00909767	0.013435297	0.023353262	0.031818235	0.039777695	0.005615814	0.014320412	0.108236273	0.451213952							Belgium_2017		2017
115		2018	Ireland_2018	0.017818591	0.015829762	0.016323073	0.029496637	0.048946538	0.013566775	0.025642967	0.036154953	0.008593584	0.012839883	0.020102552	0.027047161	0.090153626	0.022371479	0.023399916	0.03462792	0.075230031	0.481854552							Thailand_2017		2017
63		2017	Italy_2017	0.016390286	0.069877022	0.017051346	0.046678331	0.050505848	0.032826326	0.007059227	0.069821619	0.035177979	0.014522861	0.057236713	0.056558841	0.024891242	0.039316984	0.065036222	0.017545349	0.029428036	0.350075769							Viet_Nam_2018		2018
76		2018	Jamaica_2018	0.016771906	0.015232949	0.025404362	0.054658431	0.019044724	0.018910713	0.030538306	0.030427432	0.021082798	0.009469634	0.042275888	0.028639056	0.072439006	0.020943403	0.027831517	0.024288921	0.114339123	0.42770183							Belgium_2017	sa	2017
1		2017	Japan_2017	0.009708636	0.010716265	0.015553348	0.017139642	0.027998856	0.027378993	0.008299352	0.019180662	0.012291441	0.013589331	0.038126588	0.044704622	0.095932536	0.024260582	0.032668928	0.019845645	0.121045319	0.461559256							Singapore_2018	sa	2018
51		2017	Jordan_2017	0.02068355	0.015584328	0.019611697	0.039319389	0.033990314	0.028468765	0.023347189	0.061387048	0.01205641	0.001205063	0.0217156	0.019939477	0.070998394	0.004611294	1.28E-05	0.038564441	0.109962154	0.478542051							Latvia_2018	sa	2018
64		2017	Kenya_2017	0.018553436	0.022467375	0.045538702	0.044713328	0.026523882	0.028769762	0.014224699	0.024662246	0.02740967	0.007318405	0.045960901	0.018863824	0.052132433	0.014807317	0.023373294	0.025728687	0.115877801	0.443074238							Bhutan_2018	sa	2018
33		2018	Kiribati_2018	0.013932822	0.026123204	0.028434904	0.07662185	0.047957036	0.031477379	0.011001696	0.027600921	0.009626704	0.01169971	0.032477174	0.016282489	0.055058553	0.045121578	0.023605442	0.016131584	0.071863854	0.4549831							Qatar_2017		2017
75		2018	Kiribati_2018_without_tables	0.014388576	0.027305047	0.028682076	0.070868638	0.034313753	0.034700872	0.011139852	0.021463501	0.010165187	0.013975934	0.034733436	0.017853782	0.058035251	0.046727981	0.025332535	0.017324983	0.076005073	0.456983524							India_2017		2017
42		2018	Lao_2018	0.019127007	0.025475383	0.036137374	0.048880103	0.042232041	0.027770346	0.015824045	0.044823621	0.011575211	0.0090267	0.026654082	0.018573081	0.063959633	0.018063375	0.039513598	0.023595834	0.090909184	0.437859382							Tajikistan_2017		2017
11		2018	Latvia_2018	0.009333772	0.010171783	0.0223994	0.03828398	0.033702188	0.009795421	0.021191027	0.037929753	0.021251707	0.01767905	0.040285465	0.047068936	0.055362482	0.028135277	0.029313336	0.022891754	0.079276951	0.475927718							Afghanistan_2017		2017
98		2018	Lebanon_2018	0.018105441	0.012095084	0.015535839	0.042248084	0.03067285	0.023250308	0.019802326	0.055542998	0.021437482	0.012737299	0.044831708	0.025191262	0.057408934	0.02413623	0.031391497	0.04327974	0.091023836	0.431309082							Zimbabwe_2017	sa	2017
66		2018	Lithuania_2018	0.009902965	0.003491858	0.024766787	0.044806918	0.033071523	0.031609029	0.024784976	0.0416858	0.025647952	0.018753402	0.037083072	0.048324226	0.0427532	0.028107783	0.056444308	0.030840927	0.062748172	0.435177102							Bahrain_2018		2018
68		2017	Malaysia_2017	0.013859527	0.026686901	0.018694267	0.028642109	0.019307473	0.009649325	1.15E-04	0.028429056	0.03677253	0.011239003	0.021074025	0.029330462	0.045017945	0.053736442	0.080034257	6.93E-07	0.121717363	0.45569368							Slovenia_2017	sa	2017
16		2017	Maldives_2017	0.009655552	0.02179374	0.01820431	0.053072498	0.03507684	0.037154822	0.020073555	0.015589135	0.012433298	0.017725845	0.032523993	0.024388092	0.054505873	0.061705315	0.018327678	0.023869225	0.084141306	0.459758924							Lebanon_2018		2018
56		2018	Malta_2018	0.004137944	0.006714818	0.025400699	0.048466725	0.028452307	0.031289744	0.044108176	0.052660509	0.018779231	0.017766703	0.03709847	0.038965582	0.066520706	0.058577438	0.022700167	0.01618682	0.054448248	0.427725714							Nigeria_2017	sa	2017
5		2018	MEXICO_2018	3.31E-06	0.006129645	1.68E-06	0.047915112	0.024878365	0.025755726	0.017362559	0.042752344	0.017858915	0.010416832	0.043264794	0.025497284	0.080990488	0.026750221	0.036517066	0.037936054	0.119376762	0.436592847							MEXICO_2018	sa	2018
104		2018	Namibia_2018	0.042629132	0.053986536	0.035015046	0.075658369	0.03954484	0.034549719	2.90E-06	0.02738605	0.018223769	9.66E-07	0.025419631	0.01330993	0.023472754	0.021571847	0.031332898	0.026369089	0.066662578	0.464863945							India_2017	sa	2017
109		2017	Nepal_2017	0.022819459	0.030967879	0.056413415	0.060663556	0.038587323	0.01205376	2.44E-06	0.021098289	0.031219527	0.011772505	0.01098955	0.02136318	0.032549368	7.73E-07	0.004013214	0.015798891	0.146503843	0.483183032							Slovakia_2018	sa	2018
10		2017	Netherlands_2017	0.006603207	0.016284159	0.003808149	0.019398595	0.027758368	0.026245397	0.035565514	0.040523459	0.008723547	0.012210629	0.029603199	0.030136387	0.075245394	0.029549882	0.023407553	0.028120938	0.108440414	0.478375209							Brazil_2017	sa	2017
28		2017	Nigeria_2017	0.029512197	0.034070826	0.040820925	0.052946986	0.070059203	0.013778999	0.00501854	0.040189857	0.019698982	0.001745025	0.011668569	0.013821561	0.035803861	0.006737723	0.016302452	0.02766753	0.142722692	0.437434071							Namibia_2018		2018
114		2018	Palestine_2018	0.017738269	0.031861726	0.021164874	0.038832311	0.027343046	0.040269853	0.023386274	0.038947545	0.011174165	0.009445101	0.057359988	0.019435356	0.041691545	0.020780203	0.035927	0.046186248	0.052656874	0.465799622							Togo_2017	sa	2017
29		2018	Poland_2018	0.007820853	0.017341922	0.011153585	0.028886446	0.009225538	0.014820916	0.019828425	0.035336034	0.029857092	0.016414354	0.031799227	0.027697555	0.070418135	0.024603185	0.039908363	0.019457979	0.098150654	0.497279737							Belize_2017		2017
81		2017	Portugal_2017	0.011377767	0.010016714	0.005458366	0.038590862	0.043979095	0.020189408	0.022327538	0.051644421	0.02720826	0.022159736	0.027951709	0.033311461	0.076559007	0.030925508	0.029363687	0.026649233	0.086298079	0.435989147							Namibia_2018	sa	2018
91		2017	Qatar_2017	0.01775399	0.033010873	0.013847363	0.043650561	0.029257181	0.036200946	0.039162376	0.044631329	0.034274674	0.011130122	0.023692667	0.015261012	0.038445612	0.013827446	0.017581134	0.015996664	0.105670224	0.466605825							Belize_2017	sa	2017
22		2018	Qatar_2018	0.003750212	3.84E-04	1.94E-06	0.004462795	9.61E-07	0.042154352	0.050256997	0.022096898	0.008748355	1.84E-05	0.134940861	0.06250476	0.05982339	0.023699087	0.057852262	0.005489868	0.096797341	0.427017172							Nepal_2017		2017
41		2018	Romania_2018	0.005955583	0.002970983	0.055867862	0.042144874	0.008208325	0.032787804	0.046969307	0.029732791	0.008595798	0.007349445	0.039283657	0.047065406	0.05268454	0.016823142	0.07377521	0.019083401	0.058140676	0.452561194							Egypt_2018		2018
79		2018	Saudi_Arabia_2018	0.002764616	0.017333186	0.005578654	0.036965838	0.017094867	0.021166377	0.030267553	0.041158921	0.0236454	0.008843917	0.06626574	0.038620811	0.04884351	0.022215492	0.035123329	0.022382959	0.102457926	0.459270904							Indonesia_2017		2017
25		2018	Singapore_2018	0.001816883	0.014423621	0.012748734	0.041041282	0.017760791	0.039887037	0.040788065	0.017827888	0.047555052	0.007335488	0.065555752	0.06466139	0.077270023	0.046714086	0.046947688	0.017140079	0.044424787	0.396101352							Malaysia_2017	sa	2017
15		2018	Slovakia_2018	0.023921737	0.004359241	0.013906359	0.056291261	0.010480916	9.90E-04	0.029912555	0.044359042	0.006174987	0.026537429	0.056004423	0.025214449	0.062336734	1.43E-06	0.032814672	0.044772702	0.078208485	0.483713327							Qatar_2018	sa	2018
35		2017	Slovenia_2017	0.008313426	0.02158645	0.020736885	0.06918943	0.038115089	0.022162764	0.020977843	0.067746887	0.012407686	0.01631448	0.036054375	0.040115698	0.048222203	0.020058087	0.025682117	0.027270585	0.065273577	0.439772418							Palestine_2018		2018
46		2018	Sri_Lanka_2018	0.018220713	0.018570162	0.013574815	0.036840824	0.012014767	0.035931333	0.024702388	0.017762338	0.023006354	0.016778746	0.041084549	0.04193788	0.055834864	0.032562537	0.045520742	0.025249882	0.098664644	0.441742462							Ireland_2018		2018
53		2018	Sudan_2018	0.016509846	0.039878188	0.003090695	0.030359763	0.025286056	0.015027335	0.011025885	0.019883011	0.011640132	0.011127161	0.030883506	0.022116827	0.047916628	6.31E-07	0.023348039	0.07015686	0.128502583	0.493246855							Canada_2018	sa	2018
123		2017	Sweden_2017	9.00E-04	0.010608265	0.011144969	0.014383764	0.060708384	9.14E-04	0.008275778	0.041944715	0.01980919	0.014014228	0.021244005	0.045127407	0.080810562	0.022428077	0.017336572	0.029595187	0.12257956	0.478175656							Bangladesh_2017		2017
27		2018	Switzerland_2018	0.014108894	0.029536118	0.027878183	0.024441195	0.044398333	0.023328598	0.046984858	0.047741809	0.008250193	0.01446063	0.042383518	0.055041292	0.052436734	0.041625004	0.056676849	0.026004268	0.028611673	0.416091854							Cabo_Verde_2018		2018
93		2017	Tajikistan_2017	0.01032608	0.043064844	0.025985129	0.023771858	0.046793804	0.046435831	0.038256139	0.015976999	0.005390279	0.013209143	0.021268447	0.019055126	0.040012386	1.33E-06	0.023217133	0.003201023	0.103690571	0.52034388							Lao_2018	sa	2018
85		2017	Thailand_2017	0.009581864	0.016319386	0.017862643	0.036054244	0.010365415	0.035217274	0.021614785	0.025741908	0.020427162	0.022668986	0.034497785	0.038809962	0.063602479	0.04842335	0.049946458	0.020235951	0.076538221	0.452092129							Cyprus_2017	sa	2017
40		2017	Togo_2017	0.033225908	0.042945455	0.037177483	0.019582313	0.042606105	0.021857003	1.99E-05	0.021295935	0.036362096	0.002087975	0.017969424	0.014338397	0.068992467	0.054669936	0.0060074	0.019751005	0.101415153	0.459696022							Australia_2018	sa	2018
86		2018	Viet_Nam_2018	0.023652643	0.010142128	0.027161567	0.033896955	0.034444959	0.024174934	0.026710369	0.036916228	0.018232318	0.025445123	0.037619101	0.036993305	0.047722938	0.023406429	0.038728761	0.028245061	0.057360718	0.469146462							Italy_2017	sa	2017
23		2017	Zimbabwe_2017	0.020076943	0.050330549	0.034362287	0.027670915	0.091734354	0.026366058	0.017377223	0.043351068	0.020225535	4.78E-04	0.009918523	0.016333728	0.053357622	6.94E-07	0.027732958	0.01826708	0.109850091	0.432566583							Sweden_2017		2017